1 1.23
2 0.292
3 0.296
4 0.348
5 0.379
6 0.285
7 0.291
8 0.287
9 0.267
10 0.290
11 0.295
12 0.336
13 0.314
14 0.300
15 0.328
16 0.291
17 0.322
18 0.321
19 0.348
20 0.281
21 0.261
22 0.315
23 0.309
24 0.327
25 0.294
26 0.296
27 0.277
28 0.304
29 0.304
30 0.325
31 0.334
32 0.313
33 0.285
34 0.262
35 0.244
36 0.271
37 0.285
38 0.298
39 0.280
40 0.332
41 0.267
42 0.264
43 0.237
44 0.366
45 0.313
46 0.295
47 0.260
48 0.271
49 0.341
50 0.335
51 0.327
52 0.306
53 0.301
54 0.286
55 0.283
56 0.273
57 0.283
58 0.305
59 0.281
60 0.267
61 0.241
62 0.358
63 0.288
64 0.336
65 0.286
66 0.276
67 0.280
68 0.344
69 0.289
70 0.319
71 0.258
72 0.295
73 0.318
74 0.343
75 0.322
76 0.296
77 0.348
78 0.393
79 0.432
80 0.289
81 0.324
82 0.313
83 0.257
84 0.365
85 0.286
86 0.308
87 0.386
88 0.291
89 0.348
90 0.364
91 0.310
92 0.308
93 0.297
94 0.275
95 0.287
96 0.275
97 0.288
98 0.288
99 0.335
100 0.360
